,date,code,open,high,low,close,preclose,volume,amount,adjustflag,turn,tradestatus,pctChg
0,2022-02-21,sh.601333,2.5200,2.6200,2.5000,2.5800,2.5200,79220674,202889280.5900,3,1.401600,1,2.381000
1,2022-02-22,sh.601333,2.5800,2.5800,2.4900,2.5000,2.5800,52436691,132682838.6200,3,0.927700,1,-3.100800
2,2022-02-23,sh.601333,2.5100,2.5300,2.4300,2.4500,2.5000,54577681,134744147.5300,3,0.965600,1,-2.000000
3,2022-02-24,sh.601333,2.4500,2.4700,2.3400,2.3700,2.4500,59883501,143689144.6300,3,1.059500,1,-3.265300
4,2022-02-25,sh.601333,2.3800,2.4500,2.3700,2.3800,2.3700,42072257,100952674.4700,3,0.744300,1,0.421900
5,2022-02-28,sh.601333,2.3800,2.3900,2.3200,2.3400,2.3800,46172201,108314024.0000,3,0.816900,1,-1.680700
6,2022-03-01,sh.601333,2.3500,2.3800,2.3300,2.3600,2.3400,48249015,113504004.0000,3,0.853600,1,0.854700
7,2022-03-02,sh.601333,2.3400,2.4200,2.3300,2.4000,2.3600,54558976,130150184.0000,3,0.965300,1,1.694900
8,2022-03-03,sh.601333,2.4000,2.4500,2.3900,2.4300,2.4000,39751059,96404012.0000,3,0.703300,1,1.250000
9,2022-03-04,sh.601333,2.4200,2.4400,2.3700,2.3900,2.4300,49753126,119480720.0000,3,0.880200,1,-1.646100
10,2022-03-07,sh.601333,2.4000,2.4200,2.3300,2.3500,2.3900,40458511,96123304.0000,3,0.715800,1,-1.673600
11,2022-03-08,sh.601333,2.3500,2.3500,2.2700,2.2800,2.3500,41413562,95618874.0000,3,0.732700,1,-2.978700
12,2022-03-09,sh.601333,2.2800,2.3000,2.1300,2.2100,2.2800,65763166,145302247.0000,3,1.163500,1,-3.070200
13,2022-03-10,sh.601333,2.2400,2.3600,2.2300,2.3100,2.2100,67634583,155737898.0000,3,1.196600,1,4.524900
14,2022-03-11,sh.601333,2.3000,2.3200,2.2200,2.3000,2.3100,38644112,87495712.0000,3,0.683700,1,-0.432900
15,2022-03-14,sh.601333,2.3000,2.3300,2.2200,2.2200,2.3000,36655331,83292629.0000,3,0.648500,1,-3.478300
16,2022-03-15,sh.601333,2.2200,2.2200,2.0100,2.0400,2.2200,98585518,207724148.0000,3,1.744200,1,-8.108100
17,2022-03-16,sh.601333,2.0600,2.1800,2.0300,2.1600,2.0400,65453400,137645004.0000,3,1.158000,1,5.882400
18,2022-03-17,sh.601333,2.1900,2.2200,2.1100,2.1400,2.1600,57320508,123214370.0000,3,1.014100,1,-0.925900
19,2022-03-18,sh.601333,2.1200,2.2300,2.1100,2.2100,2.1400,56308461,122625413.7600,3,0.996200,1,3.271000
20,2022-03-21,sh.601333,2.2300,2.2400,2.1600,2.2000,2.2100,34056913,74921804.8900,3,0.602500,1,-0.452500
21,2022-03-22,sh.601333,2.2400,2.2900,2.2000,2.2300,2.2000,59155051,132356269.7700,3,1.046600,1,1.363600
22,2022-03-23,sh.601333,2.2300,2.2400,2.1800,2.2100,2.2300,45028812,99670618.9000,3,0.796700,1,-0.896900
23,2022-03-24,sh.601333,2.2100,2.2300,2.1600,2.1700,2.2100,36631403,80230075.5100,3,0.648100,1,-1.810000
24,2022-03-25,sh.601333,2.1700,2.1900,2.1500,2.1600,2.1700,38600750,83557592.0000,3,0.682900,1,-0.460800
25,2022-03-28,sh.601333,2.1400,2.2000,2.1100,2.1800,2.1600,30541829,66107613.1600,3,0.540300,1,0.925900
26,2022-03-29,sh.601333,2.1800,2.1900,2.1300,2.1500,2.1800,29608903,63733813.1400,3,0.523800,1,-1.376100
27,2022-03-30,sh.601333,2.1500,2.1700,2.1200,2.1600,2.1500,38355795,82253347.6900,3,0.678600,1,0.465100
28,2022-03-31,sh.601333,2.1500,2.1800,2.1400,2.1400,2.1600,41973314,90680498.0600,3,0.742600,1,-0.925900
29,2022-04-01,sh.601333,2.1400,2.1900,2.1200,2.1700,2.1400,49832005,108022810.8900,3,0.881600,1,1.401900
30,2022-04-06,sh.601333,2.1800,2.2500,2.1600,2.2100,2.1700,54943864,121479434.6300,3,0.972100,1,1.843300
31,2022-04-07,sh.601333,2.2100,2.2300,2.1600,2.1700,2.2100,51739607,113637122.3800,3,0.915400,1,-1.810000
32,2022-04-08,sh.601333,2.1600,2.1900,2.1400,2.1700,2.1700,37478466,80997160.3800,3,0.663100,1,0.000000
33,2022-04-11,sh.601333,2.1800,2.2100,2.1200,2.1400,2.1700,65059302,141395011.2600,3,1.151000,1,-1.382500
34,2022-04-12,sh.601333,2.1300,2.2600,2.1100,2.2200,2.1400,72152817,157191855.5200,3,1.276500,1,3.738300
35,2022-04-13,sh.601333,2.2100,2.2400,2.1900,2.2100,2.2200,53589951,118887193.2000,3,0.948100,1,-0.450500
36,2022-04-14,sh.601333,2.2000,2.2100,2.1800,2.1800,2.2100,39996628,87622494.0400,3,0.707600,1,-1.357500
37,2022-04-15,sh.601333,2.1800,2.2000,2.1600,2.1600,2.1800,38228628,83178363.0400,3,0.676300,1,-0.917400
38,2022-04-18,sh.601333,2.1600,2.1700,2.1300,2.1500,2.1600,29897300,64216843.0000,3,0.528900,1,-0.463000
39,2022-04-19,sh.601333,2.1500,2.1900,2.1400,2.1700,2.1500,27153000,58815672.0000,3,0.480400,1,0.930200
40,2022-04-20,sh.601333,2.1700,2.2200,2.1500,2.1600,2.1700,35311824,76773395.6300,3,0.624700,1,-0.460800
41,2022-04-21,sh.601333,2.1500,2.1700,2.0800,2.0900,2.1600,65707594,139329458.1600,3,1.162500,1,-3.240700
42,2022-04-22,sh.601333,2.0900,2.1400,2.0600,2.1200,2.0900,34235356,72117794.4900,3,0.605700,1,1.435400
43,2022-04-25,sh.601333,2.1100,2.1200,2.0400,2.0500,2.1200,50117694,104034292.5000,3,0.886700,1,-3.301900
44,2022-04-26,sh.601333,2.0500,2.0800,2.0100,2.0200,2.0500,44339435,90182566.2500,3,0.784500,1,-1.463400
45,2022-04-27,sh.601333,1.9900,2.0600,1.9500,2.0400,2.0200,52190209,104523956.2200,3,0.923400,1,0.990100
46,2022-04-28,sh.601333,2.0400,2.0700,2.0000,2.0500,2.0400,31135423,63274177.7600,3,0.550900,1,0.490200
47,2022-04-29,sh.601333,2.0400,2.0900,2.0300,2.0700,2.0500,39189890,80856598.2700,3,0.693400,1,0.975600
48,2022-05-05,sh.601333,2.0700,2.1100,2.0600,2.0700,2.0700,27722530,57706295.1000,3,0.490500,1,0.000000
49,2022-05-06,sh.601333,2.0500,2.0500,2.0200,2.0300,2.0700,22334369,45543937.0700,3,0.395100,1,-1.932400
50,2022-05-09,sh.601333,2.0300,2.0600,2.0200,2.0400,2.0300,23152406,47285150.8100,3,0.409600,1,0.492600
51,2022-05-10,sh.601333,2.0400,2.0600,2.0100,2.0400,2.0400,35267793,71828334.6800,3,0.624000,1,0.000000
52,2022-05-11,sh.601333,2.0400,2.0700,2.0300,2.0400,2.0400,31115123,63781974.3800,3,0.550500,1,0.000000
53,2022-05-12,sh.601333,2.0300,2.0500,2.0200,2.0300,2.0400,24965462,50735781.4200,3,0.441700,1,-0.490200
54,2022-05-13,sh.601333,2.0400,2.0700,2.0400,2.0600,2.0300,38369501,78798316.0600,3,0.678800,1,1.477800
55,2022-05-16,sh.601333,2.0700,2.0800,2.0500,2.0700,2.0600,21779528,45004764.6000,3,0.385300,1,0.485400
56,2022-05-17,sh.601333,2.0800,2.0800,2.0400,2.0500,2.0700,19866269,40784864.7400,3,0.351500,1,-0.966200
57,2022-05-18,sh.601333,2.0500,2.0700,2.0400,2.0500,2.0500,20372842,41842870.2300,3,0.360400,1,0.000000
58,2022-05-19,sh.601333,2.0400,2.0700,2.0300,2.0700,2.0500,23627551,48426716.6300,3,0.418000,1,0.975600
59,2022-05-20,sh.601333,2.0700,2.1000,2.0600,2.1000,2.0700,29516887,61524876.9700,3,0.522200,1,1.449300
60,2022-05-23,sh.601333,2.1000,2.1200,2.0800,2.1000,2.1000,25541480,53693862.0000,3,0.451900,1,0.000000
61,2022-05-24,sh.601333,2.1000,2.1200,2.0400,2.0400,2.1000,34343292,71183916.6800,3,0.607600,1,-2.857100
62,2022-05-25,sh.601333,2.0400,2.1100,2.0300,2.1000,2.0400,34317993,71464822.2700,3,0.607200,1,2.941200
63,2022-05-26,sh.601333,2.1000,2.1400,2.1000,2.1400,2.1000,34330216,72746901.9200,3,0.607400,1,1.904800
64,2022-05-27,sh.601333,2.1400,2.1600,2.1300,2.1500,2.1400,32503286,69721310.8900,3,0.575100,1,0.467300
65,2022-05-30,sh.601333,2.1500,2.2100,2.1500,2.2000,2.1500,51273743,111863025.8200,3,0.907100,1,2.325600
66,2022-05-31,sh.601333,2.2100,2.2900,2.1900,2.2800,2.2000,81948812,185203197.7800,3,1.449800,1,3.636400
67,2022-06-01,sh.601333,2.2700,2.3000,2.2400,2.2500,2.2800,55360785,125225337.8800,3,0.979400,1,-1.315800
68,2022-06-02,sh.601333,2.2500,2.2600,2.2200,2.2300,2.2500,34102331,76248613.7400,3,0.603300,1,-0.888900
69,2022-06-06,sh.601333,2.2200,2.2800,2.2000,2.2300,2.2300,49372377,110541711.7900,3,0.873500,1,0.000000
70,2022-06-07,sh.601333,2.2300,2.3400,2.2200,2.2900,2.2300,67976301,155564432.8500,3,1.202600,1,2.690600
71,2022-06-08,sh.601333,2.3000,2.3400,2.2400,2.2900,2.2900,71619121,163427428.3900,3,1.267100,1,0.000000
72,2022-06-09,sh.601333,2.2800,2.2900,2.2300,2.2500,2.2900,45636800,103111794.0000,3,0.807400,1,-1.746700
73,2022-06-10,sh.601333,2.2500,2.2800,2.2400,2.2600,2.2500,34581530,78139461.0000,3,0.611800,1,0.444400
74,2022-06-13,sh.601333,2.2500,2.2600,2.1900,2.2100,2.2600,34059654,75444925.1300,3,0.602600,1,-2.212400
75,2022-06-14,sh.601333,2.2100,2.2800,2.1700,2.2800,2.2100,49248839,110056827.5300,3,0.871300,1,3.167400
76,2022-06-15,sh.601333,2.2800,2.3400,2.2600,2.2900,2.2800,61240786,141095992.0200,3,1.083500,1,0.438600
77,2022-06-16,sh.601333,2.2900,2.3300,2.2700,2.2900,2.2900,40714802,93671851.7100,3,0.720300,1,0.000000
78,2022-06-17,sh.601333,2.2800,2.2800,2.2300,2.2600,2.2900,34602678,78117484.2800,3,0.612200,1,-1.310000
79,2022-06-20,sh.601333,2.2700,2.2700,2.2100,2.2400,2.2600,38994501,87098129.2100,3,0.689900,1,-0.885000
80,2022-06-21,sh.601333,2.2300,2.2500,2.1900,2.2100,2.2400,31115008,69014981.6800,3,0.550500,1,-1.339300
81,2022-06-22,sh.601333,2.2200,2.2200,2.1700,2.1700,2.2100,22301553,48855922.2100,3,0.394600,1,-1.810000
82,2022-06-23,sh.601333,2.1800,2.2100,2.1400,2.2100,2.1700,49706851,107890708.1600,3,0.879400,1,1.843300
83,2022-06-24,sh.601333,2.2100,2.2200,2.1700,2.2000,2.2100,32430534,71096431.1800,3,0.573800,1,-0.452500
84,2022-06-27,sh.601333,2.2100,2.2300,2.1800,2.1900,2.2000,27627519,60891351.8700,3,0.488800,1,-0.454500
85,2022-06-28,sh.601333,2.1900,2.2200,2.1700,2.2200,2.1900,52306700,114943980.0000,3,0.925400,1,1.369900
86,2022-06-29,sh.601333,2.2100,2.2300,2.1700,2.1800,2.2200,51288082,112971368.8100,3,0.907400,1,-1.801800
87,2022-06-30,sh.601333,2.1900,2.2800,2.1700,2.1800,2.1800,152139706,337466965.6600,3,2.691700,1,0.000000
88,2022-07-01,sh.601333,2.1800,2.2100,2.1700,2.1800,2.1800,42671530,93460199.0600,3,0.754900,1,0.000000
89,2022-07-04,sh.601333,2.1900,2.1900,2.1400,2.1500,2.1800,55993961,120809695.1500,3,0.990700,1,-1.376100
90,2022-07-05,sh.601333,2.1600,2.1800,2.1200,2.1700,2.1500,67252868,144538469.1200,3,1.189800,1,0.930200
91,2022-07-06,sh.601333,2.1600,2.1600,2.1200,2.1300,2.1700,38191509,81518781.8500,3,0.675700,1,-1.843300
92,2022-07-07,sh.601333,2.1300,2.1400,2.1100,2.1200,2.1300,36176100,76747225.0000,3,0.640000,1,-0.469500
93,2022-07-08,sh.601333,2.1200,2.1400,2.1200,2.1300,2.1200,24582142,52375920.4600,3,0.434900,1,0.471700
94,2022-07-11,sh.601333,2.1200,2.1300,2.1100,2.1200,2.1300,29909526,63369298.1200,3,0.529200,1,-0.469500
95,2022-07-12,sh.601333,2.1200,2.1700,2.1100,2.1200,2.1200,47809825,102293582.0000,3,0.845900,1,0.000000
96,2022-07-13,sh.601333,2.1300,2.1900,2.1200,2.1700,2.1200,52917255,114616260.8400,3,0.936200,1,2.358500
97,2022-07-14,sh.601333,2.1700,2.1700,2.1100,2.1200,2.1700,41737729,89029056.2400,3,0.738400,1,-2.304100
98,2022-07-15,sh.601333,2.1200,2.1200,2.0500,2.0500,2.1200,57398901,119374146.0800,3,1.015500,1,-3.301900
99,2022-07-18,sh.601333,2.0600,2.1100,2.0500,2.1000,2.0500,36903409,77048733.8700,3,0.652900,1,2.439000
100,2022-07-19,sh.601333,2.1000,2.1100,2.0700,2.0900,2.1000,37841685,78883449.9000,3,0.669500,1,-0.476200
101,2022-07-20,sh.601333,2.1000,2.1100,2.0800,2.0900,2.0900,24703709,51796493.8100,3,0.437100,1,0.000000
102,2022-07-21,sh.601333,2.0900,2.1100,2.0800,2.0900,2.0900,23896047,49957918.2200,3,0.422800,1,0.000000
103,2022-07-22,sh.601333,2.0900,2.1000,2.0600,2.0900,2.0900,33946471,70607271.1600,3,0.600600,1,0.000000
104,2022-07-25,sh.601333,2.0800,2.1300,2.0800,2.0800,2.0900,43059971,90519475.6800,3,0.761800,1,-0.478500
105,2022-07-26,sh.601333,2.0900,2.1000,2.0800,2.0900,2.0800,21283601,44518986.2500,3,0.376600,1,0.480800
106,2022-07-27,sh.601333,2.1000,2.1000,2.0700,2.0900,2.0900,25812203,53746865.2100,3,0.456700,1,0.000000
107,2022-07-28,sh.601333,2.0800,2.1000,2.0800,2.0900,2.0900,26823933,56045093.2600,3,0.474600,1,0.000000
108,2022-07-29,sh.601333,2.0900,2.0900,2.0500,2.0700,2.0900,32855845,67991872.4200,3,0.581300,1,-0.956900
109,2022-08-01,sh.601333,2.0500,2.0700,2.0400,2.0500,2.0700,29868062,61321337.6600,3,0.528400,1,-0.966200
110,2022-08-02,sh.601333,2.0400,2.0500,1.9900,2.0100,2.0500,71024870,142634943.1000,3,1.256600,1,-1.951200
111,2022-08-03,sh.601333,2.0100,2.0300,1.9800,1.9900,2.0100,48346819,96756349.5000,3,0.855400,1,-0.995000
112,2022-08-04,sh.601333,1.9900,2.0000,1.9800,1.9900,1.9900,31283795,62274062.0000,3,0.553500,1,0.000000
113,2022-08-05,sh.601333,1.9900,2.0200,1.9800,2.0100,1.9900,29034388,57965030.0000,3,0.513700,1,1.005000
114,2022-08-08,sh.601333,2.0100,2.0200,2.0000,2.0200,2.0100,23763146,47797528.0000,3,0.420400,1,0.497500
115,2022-08-09,sh.601333,2.0200,2.0300,2.0000,2.0200,2.0200,23421660,47309933.0000,3,0.414400,1,0.000000
116,2022-08-10,sh.601333,2.0200,2.0300,2.0100,2.0200,2.0200,12822099,25838572.0000,3,0.226800,1,0.000000
117,2022-08-11,sh.601333,2.0200,2.0500,2.0100,2.0500,2.0200,41691467,84781272.0000,3,0.737600,1,1.485100
118,2022-08-12,sh.601333,2.0500,2.0900,2.0400,2.0700,2.0500,45083429,93409925.0000,3,0.797600,1,0.975600
119,2022-08-15,sh.601333,2.0800,2.0900,2.0600,2.0700,2.0700,32289900,66959392.0000,3,0.571300,1,0.000000
120,2022-08-16,sh.601333,2.0700,2.0900,2.0600,2.0700,2.0700,24896287,51747540.1400,3,0.440500,1,0.000000
121,2022-08-17,sh.601333,2.0800,2.0900,2.0700,2.0800,2.0700,23926266,49813883.2800,3,0.423300,1,0.483100
122,2022-08-18,sh.601333,2.0800,2.0900,2.0500,2.0500,2.0800,21023469,43393231.4500,3,0.371900,1,-1.442300
123,2022-08-19,sh.601333,2.0500,2.0700,2.0500,2.0600,2.0500,15557200,32058443.0000,3,0.275200,1,0.487800
124,2022-08-22,sh.601333,2.0600,2.0700,2.0500,2.0600,2.0600,18644108,38470278.4800,3,0.329900,1,0.000000
125,2022-08-23,sh.601333,2.0600,2.0700,2.0500,2.0600,2.0600,18616300,38336067.0000,3,0.329400,1,0.000000
126,2022-08-24,sh.601333,2.0600,2.0700,2.0300,2.0300,2.0600,28495672,58395459.9400,3,0.504100,1,-1.456300
127,2022-08-25,sh.601333,2.0400,2.0700,2.0300,2.0600,2.0300,26136523,53531275.5500,3,0.462400,1,1.477800
128,2022-08-26,sh.601333,2.0600,2.0900,2.0500,2.0700,2.0600,32467313,67331752.9100,3,0.574400,1,0.485400
129,2022-08-29,sh.601333,2.0600,2.0700,2.0400,2.0600,2.0700,27147455,55851452.3800,3,0.480300,1,-0.483100
130,2022-08-30,sh.601333,2.0700,2.1100,2.0600,2.1000,2.0600,45314659,94602788.7200,3,0.801700,1,1.941700
131,2022-08-31,sh.601333,2.0800,2.0900,2.0500,2.0600,2.1000,38532911,79769150.6600,3,0.681700,1,-1.904800
132,2022-09-01,sh.601333,2.0600,2.0800,2.0400,2.0500,2.0600,30348400,62504537.0000,3,0.536900,1,-0.485400
133,2022-09-02,sh.601333,2.0500,2.0600,2.0300,2.0400,2.0500,28202624,57474441.7200,3,0.499000,1,-0.487800
134,2022-09-05,sh.601333,2.0400,2.0800,2.0300,2.0800,2.0400,46634026,96373105.5700,3,0.825100,1,1.960800
135,2022-09-06,sh.601333,2.0800,2.0900,2.0700,2.0800,2.0800,28862389,60083904.1200,3,0.510600,1,0.000000
136,2022-09-07,sh.601333,2.0800,2.0900,2.0500,2.0600,2.0800,28182744,58110382.6400,3,0.498600,1,-0.961500
137,2022-09-08,sh.601333,2.0700,2.0700,2.0500,2.0700,2.0600,14391635,29676925.1000,3,0.254600,1,0.485400
138,2022-09-09,sh.601333,2.0600,2.0800,2.0600,2.0800,2.0700,20340811,42132822.7700,3,0.359900,1,0.483100
139,2022-09-13,sh.601333,2.0800,2.0900,2.0600,2.0700,2.0800,39059901,81099888.0700,3,0.691100,1,-0.480800
140,2022-09-14,sh.601333,2.0600,2.0700,2.0500,2.0600,2.0700,21912836,45070560.7500,3,0.387700,1,-0.483100
141,2022-09-15,sh.601333,2.0600,2.0700,2.0300,2.0400,2.0600,31986601,65678899.0400,3,0.565900,1,-0.970900
142,2022-09-16,sh.601333,2.0500,2.0500,1.9900,2.0000,2.0400,46781800,94251409.0000,3,0.827700,1,-1.960800
143,2022-09-19,sh.601333,2.0000,2.0100,1.9800,1.9900,2.0000,28060366,55824636.6800,3,0.496400,1,-0.500000
144,2022-09-20,sh.601333,2.0000,2.0100,1.9800,1.9900,1.9900,27064351,54015424.0000,3,0.478800,1,0.000000
145,2022-09-21,sh.601333,1.9900,2.0300,1.9700,2.0200,1.9900,37991401,76101926.8200,3,0.672100,1,1.507500
146,2022-09-22,sh.601333,2.0200,2.0300,2.0000,2.0200,2.0200,32967655,66481676.2800,3,0.583300,1,0.000000
147,2022-09-23,sh.601333,2.0200,2.0400,2.0100,2.0100,2.0200,30767173,62243171.7300,3,0.544300,1,-0.495000
148,2022-09-26,sh.601333,2.0100,2.0100,1.9600,1.9700,2.0100,39464700,78254382.0000,3,0.698200,1,-1.990000
149,2022-09-27,sh.601333,1.9700,2.0000,1.9500,1.9900,1.9700,27419338,54083617.0400,3,0.485100,1,1.015200
150,2022-09-28,sh.601333,1.9900,1.9900,1.9700,1.9700,1.9900,21028200,41622266.0200,3,0.372000,1,-1.005000
151,2022-09-29,sh.601333,1.9800,1.9900,1.9200,1.9400,1.9700,39407000,76993592.0000,3,0.697200,1,-1.522800
152,2022-09-30,sh.601333,1.9400,1.9500,1.9200,1.9500,1.9400,23909402,46360827.8800,3,0.423000,1,0.515500
153,2022-10-10,sh.601333,1.9500,1.9700,1.9300,1.9500,1.9500,18723841,36501253.9500,3,0.331300,1,0.000000
154,2022-10-11,sh.601333,1.9500,1.9600,1.9000,1.9500,1.9500,27873255,53902446.0500,3,0.493100,1,0.000000
155,2022-10-12,sh.601333,1.9400,1.9700,1.9300,1.9700,1.9500,19318495,37648255.4300,3,0.341800,1,1.025600
156,2022-10-13,sh.601333,1.9600,1.9700,1.9400,1.9600,1.9700,16119990,31450538.0900,3,0.285200,1,-0.507600
157,2022-10-14,sh.601333,1.9600,1.9800,1.9500,1.9700,1.9600,43863828,86227989.1000,3,0.776000,1,0.510200
158,2022-10-17,sh.601333,1.9600,1.9900,1.9500,1.9800,1.9700,24266755,47824674.8800,3,0.429300,1,0.507600
159,2022-10-18,sh.601333,1.9800,2.0000,1.9700,1.9800,1.9800,28703454,56979045.9200,3,0.507800,1,0.000000
160,2022-10-19,sh.601333,1.9800,1.9900,1.9700,1.9800,1.9800,14813900,29314337.0000,3,0.262100,1,0.000000
161,2022-10-20,sh.601333,1.9800,1.9800,1.9500,1.9600,1.9800,19016907,37360844.4800,3,0.336400,1,-1.010100
162,2022-10-21,sh.601333,1.9600,2.0000,1.9600,1.9800,1.9600,30185386,59774222.2400,3,0.534000,1,1.020400
163,2022-10-24,sh.601333,1.9900,2.0000,1.9200,1.9200,1.9800,30421464,59391464.3000,3,0.538200,1,-3.030300
164,2022-10-25,sh.601333,1.9300,1.9400,1.9000,1.9200,1.9200,27862677,53418569.0700,3,0.492900,1,0.000000
165,2022-10-26,sh.601333,1.9200,1.9500,1.9200,1.9300,1.9200,17586878,34054295.5400,3,0.311100,1,0.520800
166,2022-10-27,sh.601333,1.9300,1.9600,1.9300,1.9500,1.9300,21658963,42190603.8200,3,0.383200,1,1.036300
167,2022-10-28,sh.601333,1.9500,1.9500,1.9100,1.9200,1.9500,25958252,50208121.3600,3,0.459300,1,-1.538500
168,2022-10-31,sh.601333,1.9100,1.9400,1.9000,1.9200,1.9200,20509516,39379489.7200,3,0.362900,1,0.000000
169,2022-11-01,sh.601333,1.9200,2.0300,1.9200,2.0200,1.9200,69731500,138268922.0000,3,1.233700,1,5.208300
170,2022-11-02,sh.601333,2.0100,2.0500,2.0000,2.0300,2.0200,47957908,97451234.2400,3,0.848500,1,0.495000
171,2022-11-03,sh.601333,2.0300,2.0500,2.0200,2.0400,2.0300,25217917,51245074.5800,3,0.446200,1,0.492600
172,2022-11-04,sh.601333,2.0300,2.0900,2.0300,2.0700,2.0400,51285558,105551047.8400,3,0.907300,1,1.470600
173,2022-11-07,sh.601333,2.0600,2.0600,2.0400,2.0500,2.0700,27072695,55578889.7400,3,0.479000,1,-0.966200
174,2022-11-08,sh.601333,2.0500,2.0700,2.0400,2.0600,2.0500,25172443,51761382.3800,3,0.445400,1,0.487800
175,2022-11-09,sh.601333,2.0700,2.0700,2.0400,2.0600,2.0600,16725342,34390842.1000,3,0.295900,1,0.000000
176,2022-11-10,sh.601333,2.0500,2.0700,2.0400,2.0700,2.0600,27192081,55769536.6600,3,0.481100,1,0.485400
177,2022-11-11,sh.601333,2.0800,2.1000,2.0400,2.0600,2.0700,47575983,98598922.3300,3,0.841700,1,-0.483100
178,2022-11-14,sh.601333,2.0600,2.0800,2.0200,2.0400,2.0600,57243970,117141888.7600,3,1.012800,1,-0.970900
179,2022-11-15,sh.601333,2.0500,2.0600,2.0400,2.0500,2.0400,29704060,60901583.8000,3,0.525500,1,0.490200
180,2022-11-16,sh.601333,2.0500,2.0600,2.0400,2.0400,2.0500,21604116,44254233.7800,3,0.382200,1,-0.487800
181,2022-11-17,sh.601333,2.0400,2.0500,2.0300,2.0400,2.0400,16485700,33672882.0000,3,0.291700,1,0.000000
182,2022-11-18,sh.601333,2.0500,2.0500,2.0300,2.0300,2.0400,32116761,65511197.4400,3,0.568200,1,-0.490200
183,2022-11-21,sh.601333,2.0300,2.0400,2.0000,2.0000,2.0300,31093986,62507678.3300,3,0.550100,1,-1.477800
184,2022-11-22,sh.601333,2.0000,2.0500,1.9900,2.0400,2.0000,43062853,87213720.1200,3,0.761900,1,2.000000
185,2022-11-23,sh.601333,2.0300,2.0700,2.0300,2.0600,2.0400,45022399,92426946.9700,3,0.796500,1,0.980400
186,2022-11-24,sh.601333,2.0600,2.0700,2.0400,2.0500,2.0600,24719500,50675838.0000,3,0.437300,1,-0.485400
187,2022-11-25,sh.601333,2.0400,2.1000,2.0400,2.0800,2.0500,48771251,101077246.5600,3,0.862900,1,1.463400
188,2022-11-28,sh.601333,2.0700,2.0900,2.0400,2.0900,2.0800,41054504,85093635.3100,3,0.726300,1,0.480800
189,2022-11-29,sh.601333,2.0800,2.1300,2.0800,2.1200,2.0900,45644224,96523987.9100,3,0.807500,1,1.435400
190,2022-11-30,sh.601333,2.1200,2.1500,2.1100,2.1300,2.1200,39484011,84201203.0200,3,0.698600,1,0.471700
191,2022-12-01,sh.601333,2.1600,2.2100,2.1400,2.1500,2.1300,73487303,159366841.5100,3,1.300100,1,0.939000
192,2022-12-02,sh.601333,2.1600,2.1900,2.1500,2.1800,2.1500,53250500,115877268.0000,3,0.942100,1,1.395300
193,2022-12-05,sh.601333,2.2100,2.3200,2.2000,2.2700,2.1800,137417900,312660762.1900,3,2.431200,1,4.128400
194,2022-12-06,sh.601333,2.2700,2.3100,2.2600,2.3100,2.2700,78139767,179338693.8500,3,1.382500,1,1.762100
195,2022-12-07,sh.601333,2.3100,2.3400,2.2700,2.2900,2.3100,70124421,161610457.4300,3,1.240600,1,-0.865800
196,2022-12-08,sh.601333,2.3100,2.3300,2.2900,2.3000,2.2900,67874065,156376349.5000,3,1.200800,1,0.436700
197,2022-12-09,sh.601333,2.3100,2.3300,2.2600,2.2700,2.3000,63552386,145021127.3100,3,1.124400,1,-1.304300
198,2022-12-12,sh.601333,2.2700,2.3000,2.2400,2.2700,2.2700,49954381,113479180.0500,3,0.883800,1,0.000000
199,2022-12-13,sh.601333,2.2900,2.3500,2.2900,2.3100,2.2700,53261852,123751666.5000,3,0.942300,1,1.762100
200,2022-12-14,sh.601333,2.3200,2.3400,2.3000,2.3000,2.3100,35100983,81332027.5600,3,0.621000,1,-0.432900
201,2022-12-15,sh.601333,2.3100,2.3100,2.2600,2.2700,2.3000,30808185,70240543.9200,3,0.545100,1,-1.304300
202,2022-12-16,sh.601333,2.2600,2.3100,2.2500,2.3000,2.2700,34892515,79793827.3500,3,0.617300,1,1.321600
203,2022-12-19,sh.601333,2.2900,2.3000,2.2300,2.2500,2.3000,34857900,78783794.6500,3,0.616700,1,-2.173900
204,2022-12-20,sh.601333,2.2500,2.2500,2.2100,2.2200,2.2500,30157065,67196367.5800,3,0.533500,1,-1.333300
205,2022-12-21,sh.601333,2.2300,2.2400,2.2000,2.2300,2.2200,31027400,68988267.0000,3,0.548900,1,0.450500
206,2022-12-22,sh.601333,2.2400,2.2600,2.1900,2.2100,2.2300,34439000,76699509.0000,3,0.609300,1,-0.896900
207,2022-12-23,sh.601333,2.2000,2.2400,2.1800,2.2000,2.2100,24203401,53450071.1800,3,0.428200,1,-0.452500
208,2022-12-26,sh.601333,2.2100,2.2500,2.2000,2.2100,2.2000,33128300,73427542.0000,3,0.586100,1,0.454500
209,2022-12-27,sh.601333,2.2300,2.2400,2.2100,2.2200,2.2100,26844890,59801996.9000,3,0.474900,1,0.452500
210,2022-12-28,sh.601333,2.2200,2.2400,2.2000,2.2200,2.2200,29046383,64555158.2600,3,0.513900,1,0.000000
211,2022-12-29,sh.601333,2.2100,2.2200,2.1600,2.1700,2.2200,32546890,71064930.9200,3,0.575800,1,-2.252300
212,2022-12-30,sh.601333,2.1800,2.2800,2.1700,2.2700,2.1700,53084626,118561741.9100,3,0.939200,1,4.608300
213,2023-01-03,sh.601333,2.2700,2.2800,2.2200,2.2300,2.2700,39034771,87301696.4400,3,0.690600,1,-1.762100
214,2023-01-04,sh.601333,2.2400,2.2600,2.2200,2.2300,2.2300,31584784,70595777.6200,3,0.558800,1,0.000000
215,2023-01-05,sh.601333,2.2300,2.2400,2.2100,2.2200,2.2300,33317187,74060804.1200,3,0.589500,1,-0.448400
216,2023-01-06,sh.601333,2.2200,2.2300,2.1700,2.1700,2.2200,44734050,97958356.2900,3,0.791400,1,-2.252300
217,2023-01-09,sh.601333,2.1800,2.2200,2.1700,2.2000,2.1700,33233406,72968835.2600,3,0.588000,1,1.382500
218,2023-01-10,sh.601333,2.2000,2.2000,2.1600,2.1600,2.2000,26242893,57110213.8800,3,0.464300,1,-1.818200
219,2023-01-11,sh.601333,2.1600,2.1700,2.1300,2.1500,2.1600,29836110,64094659.5000,3,0.527900,1,-0.463000
220,2023-01-12,sh.601333,2.1400,2.1500,2.1200,2.1400,2.1500,31349098,66969488.7400,3,0.554600,1,-0.465100
221,2023-01-13,sh.601333,2.1400,2.1700,2.1400,2.1700,2.1400,22174713,47847704.0800,3,0.392300,1,1.401900
222,2023-01-16,sh.601333,2.1700,2.2100,2.1600,2.1800,2.1700,35783567,78194446.2300,3,0.633100,1,0.460800
223,2023-01-17,sh.601333,2.1800,2.1900,2.1500,2.1600,2.1800,21403448,46195341.2000,3,0.378700,1,-0.917400
224,2023-01-18,sh.601333,2.1500,2.1700,2.1400,2.1600,2.1600,29399700,63430743.3100,3,0.520100,1,0.000000
225,2023-01-19,sh.601333,2.1500,2.1900,2.1400,2.1900,2.1600,25985101,56395653.5100,3,0.459700,1,1.388900
226,2023-01-20,sh.601333,2.1900,2.2100,2.1800,2.2000,2.1900,28409732,62423301.4000,3,0.502600,1,0.456600
227,2023-01-30,sh.601333,2.2200,2.2600,2.2000,2.2100,2.2000,49110794,109496476.4300,3,0.868900,1,0.454500
228,2023-01-31,sh.601333,2.2100,2.2300,2.1900,2.2000,2.2100,31239646,68896090.7400,3,0.552700,1,-0.452500
229,2023-02-01,sh.601333,2.2000,2.2200,2.1800,2.2100,2.2000,39464795,86915780.4800,3,0.698200,1,0.454500
230,2023-02-02,sh.601333,2.2100,2.2200,2.1900,2.2000,2.2100,31020325,68262933.7500,3,0.548800,1,-0.452500
231,2023-02-03,sh.601333,2.2000,2.2100,2.1800,2.1900,2.2000,29604420,64788342.8000,3,0.523800,1,-0.454500
232,2023-02-06,sh.601333,2.1900,2.2400,2.1900,2.2100,2.1900,41129201,91174718.2100,3,0.727700,1,0.913200
233,2023-02-07,sh.601333,2.2300,2.2400,2.2100,2.2300,2.2100,31980546,71167500.6600,3,0.565800,1,0.905000
234,2023-02-08,sh.601333,2.2300,2.2400,2.2000,2.2000,2.2300,24627601,54574093.2200,3,0.435700,1,-1.345300
235,2023-02-09,sh.601333,2.2100,2.2200,2.1900,2.2100,2.2000,31334371,69269134.9100,3,0.554400,1,0.454500
236,2023-02-10,sh.601333,2.2100,2.2400,2.2100,2.2200,2.2100,25476244,56591171.3800,3,0.450700,1,0.452500
237,2023-02-13,sh.601333,2.2200,2.2300,2.2100,2.2200,2.2200,31273901,69318379.2300,3,0.553300,1,0.000000
238,2023-02-14,sh.601333,2.2200,2.2300,2.2100,2.2200,2.2200,22668801,50317263.2200,3,0.401100,1,0.000000
239,2023-02-15,sh.601333,2.2200,2.2300,2.2100,2.2100,2.2200,38606676,85629149.7300,3,0.683000,1,-0.450500
240,2023-02-16,sh.601333,2.2100,2.2500,2.1900,2.2000,2.2100,55858037,124197166.8600,3,0.988200,1,-0.452500
241,2023-02-17,sh.601333,2.2000,2.2100,2.1900,2.1900,2.2000,26849101,59038190.1900,3,0.475000,1,-0.454500
242,2023-02-20,sh.601333,2.1900,2.2300,2.1900,2.2300,2.1900,34666500,76653211.0000,3,0.613300,1,1.826500
243,2023-02-21,sh.601333,2.2300,2.2800,2.2200,2.2600,2.2300,54568166,122759859.5000,3,0.965400,1,1.345300
244,2023-02-22,sh.601333,2.2500,2.2700,2.2400,2.2600,2.2600,24562400,55385588.0000,3,0.434600,1,0.000000
245,2023-02-23,sh.601333,2.2600,2.2700,2.2300,2.2400,2.2600,25485200,57170073.0000,3,0.450900,1,-0.885000
246,2023-02-24,sh.601333,2.2300,2.2400,2.2100,2.2200,2.2400,20097400,44675171.0000,3,0.355600,1,-0.892900
247,2023-02-27,sh.601333,2.2100,2.2300,2.2100,2.2100,2.2200,18974925,42099865.5000,3,0.335700,1,-0.450500
248,2023-02-28,sh.601333,2.2200,2.2500,2.2100,2.2400,2.2100,23898659,53172394.8600,3,0.422800,1,1.357500
249,2023-03-01,sh.601333,2.2400,2.3800,2.2300,2.3200,2.2400,163379697,377889911.1300,3,2.890500,1,3.571400
250,2023-03-02,sh.601333,2.3200,2.4000,2.3100,2.3700,2.3200,93300731,220995593.1100,3,1.650700,1,2.155200
251,2023-03-03,sh.601333,2.3800,2.4000,2.3200,2.3800,2.3700,81367726,192435073.6300,3,1.439600,1,0.421900
252,2023-03-06,sh.601333,2.3800,2.4100,2.3600,2.3700,2.3800,56709410,134926956.9000,3,1.003300,1,-0.420200
253,2023-03-07,sh.601333,2.3900,2.4100,2.3500,2.3600,2.3700,57910395,137937947.6100,3,1.024600,1,-0.421900
254,2023-03-08,sh.601333,2.3600,2.3900,2.3400,2.3700,2.3600,39002159,92380300.2400,3,0.690000,1,0.423700
255,2023-03-09,sh.601333,2.3800,2.3900,2.3400,2.3700,2.3700,34979532,82797716.6200,3,0.618900,1,0.000000
256,2023-03-10,sh.601333,2.3700,2.3700,2.3100,2.3100,2.3700,35994700,84027885.0000,3,0.636800,1,-2.531600
257,2023-03-13,sh.601333,2.3200,2.3600,2.3100,2.3500,2.3100,36460701,85174549.3400,3,0.645100,1,1.731600
258,2023-03-14,sh.601333,2.3600,2.3700,2.3200,2.3300,2.3500,30718700,72003689.0000,3,0.543500,1,-0.851100
259,2023-03-15,sh.601333,2.3400,2.3900,2.3300,2.3800,2.3300,37696988,89222668.4400,3,0.666900,1,2.145900
260,2023-03-16,sh.601333,2.3700,2.4200,2.3600,2.3700,2.3800,46884548,112213327.7100,3,0.829500,1,-0.420200
261,2023-03-17,sh.601333,2.3900,2.4200,2.3700,2.4100,2.3700,43638032,104783839.4900,3,0.772000,1,1.687800
262,2023-03-20,sh.601333,2.4100,2.4500,2.3700,2.3700,2.4100,55811471,134220025.1300,3,0.987400,1,-1.659800
263,2023-03-21,sh.601333,2.3800,2.4000,2.3500,2.3600,2.3700,35737842,84618193.7000,3,0.632300,1,-0.421900
264,2023-03-22,sh.601333,2.3700,2.3700,2.3100,2.3400,2.3600,59834700,139469722.0000,3,1.058600,1,-0.847500
265,2023-03-23,sh.601333,2.3400,2.3500,2.3100,2.3500,2.3400,35119600,81765484.0000,3,0.621300,1,0.427400
266,2023-03-24,sh.601333,2.3500,2.3500,2.2900,2.3000,2.3500,44684645,103360661.5000,3,0.790600,1,-2.127700
267,2023-03-27,sh.601333,2.3100,2.3100,2.2500,2.2700,2.3000,33132970,75318305.4000,3,0.586200,1,-1.304300
268,2023-03-28,sh.601333,2.2800,2.2900,2.2500,2.2600,2.2700,31341115,71167399.0200,3,0.554500,1,-0.440500
269,2023-03-29,sh.601333,2.2700,2.2800,2.2400,2.2600,2.2600,35415482,80133359.1100,3,0.626600,1,0.000000
270,2023-03-30,sh.601333,2.2600,2.2800,2.2300,2.2500,2.2600,39702206,89332038.5000,3,0.702400,1,-0.442500
271,2023-03-31,sh.601333,2.2600,2.4200,2.2500,2.4100,2.2500,112557468,266231871.3000,3,1.991400,1,7.111100
272,2023-04-03,sh.601333,2.4200,2.5700,2.4000,2.4900,2.4100,119244819,299341660.3300,3,2.109700,1,3.319500
273,2023-04-04,sh.601333,2.5000,2.5700,2.4900,2.5300,2.4900,86830058,220535945.3900,3,1.536200,1,1.606400
274,2023-04-06,sh.601333,2.5500,2.5600,2.5000,2.5100,2.5300,62969320,158925099.4000,3,1.114100,1,-0.790500
275,2023-04-07,sh.601333,2.5200,2.5200,2.4400,2.4400,2.5100,52831500,130144006.0000,3,0.934700,1,-2.788800
276,2023-04-10,sh.601333,2.4500,2.4600,2.4100,2.4200,2.4400,47715700,116094896.0000,3,0.844200,1,-0.819700
277,2023-04-11,sh.601333,2.4300,2.4400,2.4100,2.4300,2.4200,39752800,96454719.9900,3,0.703300,1,0.413200
278,2023-04-12,sh.601333,2.4300,2.4700,2.4200,2.4600,2.4300,48480200,118702010.0000,3,0.857700,1,1.234600
279,2023-04-13,sh.601333,2.4500,2.4900,2.4400,2.4700,2.4600,40502501,100010009.4600,3,0.716600,1,0.406500
280,2023-04-14,sh.601333,2.4800,2.4800,2.4300,2.4400,2.4700,36127911,88578553.7300,3,0.639200,1,-1.214600
281,2023-04-17,sh.601333,2.4500,2.4900,2.4300,2.4700,2.4400,47078700,115888758.8400,3,0.832900,1,1.229500
282,2023-04-18,sh.601333,2.4600,2.5100,2.4400,2.4800,2.4700,43772550,108500987.5000,3,0.774400,1,0.404900
283,2023-04-19,sh.601333,2.4800,2.5000,2.4500,2.4700,2.4800,33335708,82552200.6800,3,0.589800,1,-0.403200
284,2023-04-20,sh.601333,2.4700,2.5000,2.4500,2.5000,2.4700,44701998,110846668.1000,3,0.790900,1,1.214600
285,2023-04-21,sh.601333,2.5000,2.5100,2.4400,2.4500,2.5000,48263889,119470592.7200,3,0.853900,1,-2.000000
286,2023-04-24,sh.601333,2.4600,2.4800,2.4100,2.4400,2.4500,44191324,107886788.2200,3,0.781800,1,-0.408200
287,2023-04-25,sh.601333,2.4400,2.4900,2.4200,2.4600,2.4400,38482831,94577840.2100,3,0.680800,1,0.819700
288,2023-04-26,sh.601333,2.4600,2.4700,2.3800,2.4500,2.4600,45262276,109822169.3400,3,0.800800,1,-0.406500
289,2023-04-27,sh.601333,2.4400,2.4800,2.4300,2.4700,2.4500,42834400,105540859.0000,3,0.757800,1,0.816300
290,2023-04-28,sh.601333,2.7000,2.7200,2.6200,2.7200,2.4700,126790752,343561415.9100,3,2.243200,1,10.121500
291,2023-05-04,sh.601333,2.8800,2.9900,2.8200,2.9900,2.7200,358017023,1057938404.0100,3,6.334100,1,9.926500
292,2023-05-05,sh.601333,3.0000,3.2900,3.0000,3.2900,2.9900,472224162,1502075023.8900,3,8.354600,1,10.033400
293,2023-05-08,sh.601333,3.3100,3.4800,3.2400,3.4100,3.2900,579126429,1946475370.0000,3,10.246000,1,3.647400
294,2023-05-09,sh.601333,3.4000,3.4500,3.2300,3.2500,3.4100,370571984,1232491838.9200,3,6.556200,1,-4.692100
295,2023-05-10,sh.601333,3.2700,3.3100,3.1700,3.2200,3.2500,244352286,788805938.1800,3,4.323100,1,-0.923100
296,2023-05-11,sh.601333,3.2300,3.4300,3.0900,3.3300,3.2200,312615797,1015900428.3300,3,5.530800,1,3.416100
297,2023-05-12,sh.601333,3.2900,3.6100,3.2600,3.3800,3.3300,331571865,1150671145.1700,3,5.866200,1,1.501500
298,2023-05-15,sh.601333,3.4000,3.5100,3.2300,3.3900,3.3800,236666050,791418009.1900,3,4.187100,1,0.295900
299,2023-05-16,sh.601333,3.3500,3.3800,3.2400,3.3000,3.3900,166460733,551697163.0200,3,2.945000,1,-2.654900
300,2023-05-17,sh.601333,3.2800,3.3700,3.1800,3.3500,3.3000,145169935,479389715.9600,3,2.568400,1,1.515200
301,2023-05-18,sh.601333,3.3800,3.5900,3.3500,3.5500,3.3500,268142456,937661870.0000,3,4.744000,1,5.970100
302,2023-05-19,sh.601333,3.4500,3.6900,3.4100,3.5600,3.5500,230528318,818118244.4200,3,4.078500,1,0.281700
303,2023-05-22,sh.601333,3.5200,3.9000,3.5200,3.7500,3.5600,298164329,1126190816.1200,3,5.275200,1,5.337100
304,2023-05-23,sh.601333,3.6900,3.7400,3.5400,3.5600,3.7500,215091294,778923674.5300,3,3.805400,1,-5.066700
305,2023-05-24,sh.601333,3.5200,3.5900,3.4400,3.4800,3.5600,155069836,541874894.1100,3,2.743500,1,-2.247200
306,2023-05-25,sh.601333,3.4600,3.6200,3.4200,3.5500,3.4800,147357456,522560490.1000,3,2.607100,1,2.011500
307,2023-05-26,sh.601333,3.5000,3.5500,3.3900,3.4500,3.5500,122429812,423060653.0300,3,2.166000,1,-2.816900
308,2023-05-29,sh.601333,3.4600,3.4800,3.3500,3.3800,3.4500,117085321,397421777.3800,3,2.071500,1,-2.029000
309,2023-05-30,sh.601333,3.3700,3.5300,3.3600,3.4500,3.3800,119772199,412816801.8100,3,2.119000,1,2.071000
310,2023-05-31,sh.601333,3.4300,3.4700,3.3800,3.4100,3.4500,71753940,244868523.5600,3,1.269500,1,-1.159400
311,2023-06-01,sh.601333,3.4300,3.4300,3.2700,3.3200,3.4100,156193022,518541527.9200,3,2.763400,1,-2.639300
312,2023-06-02,sh.601333,3.3400,3.3800,3.2200,3.3200,3.3200,130052347,429383597.7600,3,2.300900,1,0.000000
313,2023-06-05,sh.601333,3.3200,3.4300,3.2900,3.4000,3.3200,92280236,312327455.1900,3,1.632600,1,2.409600
314,2023-06-06,sh.601333,3.4100,3.5200,3.3700,3.4600,3.4000,138753272,480552706.3500,3,2.454800,1,1.764700
315,2023-06-07,sh.601333,3.5900,3.8100,3.5800,3.8100,3.4600,130026618,487985865.8000,3,2.300400,1,10.115600
316,2023-06-08,sh.601333,3.9100,4.0600,3.7500,3.9900,3.8100,357254607,1394589989.0000,3,6.320600,1,4.724400
317,2023-06-09,sh.601333,3.9900,4.1300,3.8800,3.9100,3.9900,267071071,1064592588.5700,3,4.725100,1,-2.005000
318,2023-06-12,sh.601333,3.9300,4.1200,3.8400,4.0400,3.9100,206332325,831078164.7200,3,3.650500,1,3.324800
319,2023-06-13,sh.601333,4.0000,4.1800,3.9900,4.0900,4.0400,122173196,497573048.9800,3,2.161500,1,1.237600
320,2023-06-14,sh.601333,4.1100,4.2900,4.0400,4.1100,4.0900,100520361,415876918.4100,3,1.778400,1,0.489000
321,2023-06-15,sh.601333,4.0900,4.2300,4.0500,4.1700,4.1100,93866134,390220157.0400,3,1.660700,1,1.459900
322,2023-06-16,sh.601333,4.1800,4.2500,4.0300,4.0700,4.1700,115886021,477370181.9600,3,2.050300,1,-2.398100
323,2023-06-19,sh.601333,4.0800,4.1000,4.0000,4.0500,4.0700,76594742,309917780.7300,3,1.355100,1,-0.491400
324,2023-06-20,sh.601333,4.0400,4.0400,3.8200,3.8300,4.0500,117160319,457327331.1500,3,2.072800,1,-5.432100
325,2023-06-21,sh.601333,3.8800,3.9000,3.7700,3.8500,3.8300,85703885,329875421.4800,3,1.516300,1,0.522200
326,2023-06-26,sh.601333,3.8600,3.9000,3.7600,3.7800,3.8500,83407178,319479431.2700,3,1.475600,1,-1.818200
327,2023-06-27,sh.601333,3.7900,4.0000,3.7700,3.9100,3.7800,96940682,377830301.0200,3,1.715100,1,3.439200
328,2023-06-28,sh.601333,3.8600,4.2400,3.8500,4.1200,3.9100,137730582,557949152.4200,3,2.436700,1,5.370800
329,2023-06-29,sh.601333,4.1100,4.1100,3.9400,4.0200,4.1200,82657769,331116296.6300,3,1.462400,1,-2.427200
330,2023-06-30,sh.601333,4.0300,4.0400,3.9000,3.9600,4.0200,71448295,283427922.9300,3,1.264100,1,-1.492500
331,2023-07-03,sh.601333,3.9600,4.1700,3.9300,4.0100,3.9600,88814730,357897829.6300,3,1.571300,1,1.262600
332,2023-07-04,sh.601333,3.9900,4.0300,3.8900,3.9100,4.0100,52849636,207760294.1800,3,0.935000,1,-2.493800
333,2023-07-05,sh.601333,3.9000,3.9300,3.8500,3.8700,3.9100,44803574,173957198.3300,3,0.792700,1,-1.023000
334,2023-07-06,sh.601333,3.8700,3.9400,3.8600,3.8900,3.8700,40617798,158465505.4400,3,0.718600,1,0.516800
335,2023-07-07,sh.601333,3.8900,3.9500,3.8400,3.8600,3.8900,36661343,142168052.8100,3,0.648600,1,-0.771200
336,2023-07-10,sh.601333,3.9000,3.9000,3.8100,3.8400,3.8600,75077176,288546380.6000,3,1.328300,1,-0.518100
337,2023-07-11,sh.601333,3.8200,3.8200,3.6700,3.6900,3.8400,117846985,438989517.4900,3,2.085000,1,-3.906300
338,2023-07-12,sh.601333,3.6300,3.6700,3.3600,3.4200,3.6900,212882639,741878968.0800,3,3.766300,1,-7.317100
339,2023-07-13,sh.601333,3.4400,3.4800,3.3400,3.3800,3.4200,135487474,459726014.1300,3,2.397100,1,-1.169600
340,2023-07-14,sh.601333,3.3900,3.4500,3.3600,3.4300,3.3800,85251628,290411092.6200,3,1.508300,1,1.479300
341,2023-07-17,sh.601333,3.2600,3.3500,3.2000,3.2600,3.4300,163070145,530956133.7100,3,2.885100,1,-4.956300
342,2023-07-18,sh.601333,3.2600,3.3600,3.1900,3.3200,3.2600,111171558,366848959.6800,3,1.966900,1,1.840500
343,2023-07-19,sh.601333,3.3300,3.5600,3.3000,3.4800,3.3200,155268625,539919697.1600,3,2.747000,1,4.819300
344,2023-07-20,sh.601333,3.4800,3.5200,3.4000,3.4300,3.4800,73686874,254721732.1900,3,1.303700,1,-1.436800
345,2023-07-21,sh.601333,3.4100,3.4700,3.3800,3.4100,3.4300,48544036,166378950.9600,3,0.858800,1,-0.583100
346,2023-07-24,sh.601333,3.4200,3.5300,3.3900,3.4300,3.4100,48243348,167061401.7000,3,0.853500,1,0.586500
347,2023-07-25,sh.601333,3.4400,3.4700,3.3700,3.4000,3.4300,64131181,218078664.0400,3,1.134600,1,-0.874600
348,2023-07-26,sh.601333,3.3800,3.3900,3.3300,3.3700,3.4000,47602488,159786057.4100,3,0.842200,1,-0.882400
349,2023-07-27,sh.601333,3.3900,3.3900,3.3200,3.3500,3.3700,61181300,205354996.0000,3,1.082400,1,-0.593500
350,2023-07-28,sh.601333,3.3300,3.4600,3.3100,3.4100,3.3500,59789130,203516025.1500,3,1.057800,1,1.791000
351,2023-07-31,sh.601333,3.4100,3.4500,3.3700,3.4000,3.4100,46285124,157847095.5900,3,0.818900,1,-0.293300
352,2023-08-01,sh.601333,3.3800,3.4500,3.3600,3.4300,3.4000,51097524,174733305.1600,3,0.904000,1,0.882400
353,2023-08-02,sh.601333,3.4200,3.4200,3.3300,3.3700,3.4300,52831860,177479962.0600,3,0.934700,1,-1.749300
354,2023-08-03,sh.601333,3.3500,3.4300,3.3500,3.4000,3.3700,43820734,148724839.9200,3,0.775300,1,0.890200
355,2023-08-04,sh.601333,3.4200,3.4500,3.3600,3.3700,3.4000,53220427,181131893.9200,3,0.941600,1,-0.882400
356,2023-08-07,sh.601333,3.3600,3.3800,3.3100,3.3400,3.3700,38215111,127580281.0600,3,0.676100,1,-0.890200
357,2023-08-08,sh.601333,3.3200,3.4200,3.3100,3.3700,3.3400,44483136,149923083.0800,3,0.787000,1,0.898200
358,2023-08-09,sh.601333,3.3600,3.3700,3.2900,3.3000,3.3700,46518801,154638477.3400,3,0.823000,1,-2.077200
359,2023-08-10,sh.601333,3.3000,3.3400,3.2800,3.3300,3.3000,30319500,100580035.0000,3,0.536400,1,0.909100
360,2023-08-11,sh.601333,3.3400,3.3400,3.2400,3.2400,3.3300,35644368,116664993.7300,3,0.630600,1,-2.702700
361,2023-08-14,sh.601333,3.2400,3.3000,3.2100,3.2900,3.2400,31553447,102818869.1500,3,0.558200,1,1.543200
362,2023-08-15,sh.601333,3.2700,3.3100,3.2400,3.2700,3.2900,32185423,105258207.7800,3,0.569400,1,-0.607900
363,2023-08-16,sh.601333,3.2700,3.2700,3.2000,3.2300,3.2700,33732174,109005699.6600,3,0.596800,1,-1.223200
364,2023-08-17,sh.601333,3.2300,3.2800,3.2000,3.2600,3.2300,41301478,133473913.0200,3,0.730700,1,0.928800
365,2023-08-18,sh.601333,3.2600,3.3000,3.2200,3.2300,3.2600,33146200,108189049.0000,3,0.586400,1,-0.920200
366,2023-08-21,sh.601333,3.2200,3.2600,3.1700,3.1700,3.2300,30948379,99143713.4300,3,0.547500,1,-1.857600
367,2023-08-22,sh.601333,3.1500,3.2200,3.1500,3.2200,3.1700,33512980,106747496.8000,3,0.592900,1,1.577300
368,2023-08-23,sh.601333,3.2100,3.2200,3.1400,3.1500,3.2200,36660434,116412861.1200,3,0.648600,1,-2.173900
369,2023-08-24,sh.601333,3.1600,3.1800,3.1200,3.1300,3.1500,40314051,126560926.6200,3,0.713200,1,-0.634900
370,2023-08-25,sh.601333,3.1000,3.1900,3.0900,3.1100,3.1300,37764954,118486016.0400,3,0.668100,1,-0.639000
371,2023-08-28,sh.601333,3.2500,3.3000,3.1200,3.1400,3.1100,46339544,147643136.6000,3,0.819800,1,0.964600
372,2023-08-29,sh.601333,3.1200,3.1900,3.1000,3.1900,3.1400,45053253,141779917.3400,3,0.797100,1,1.592400
373,2023-08-30,sh.601333,3.1800,3.2100,3.1300,3.1500,3.1900,49147881,155646715.3900,3,0.869500,1,-1.253900
374,2023-08-31,sh.601333,3.1500,3.1700,3.0700,3.1300,3.1500,39009300,121769287.9500,3,0.690200,1,-0.634900
375,2023-09-01,sh.601333,3.1200,3.2200,3.1200,3.2000,3.1300,45051242,143657985.5600,3,0.797100,1,2.236400
376,2023-09-04,sh.601333,3.2000,3.2300,3.1400,3.1600,3.2000,77867099,246935699.8700,3,1.377600,1,-1.250000
377,2023-09-05,sh.601333,3.1600,3.1700,3.0700,3.0900,3.1600,56504174,175329633.1400,3,0.999700,1,-2.215200
378,2023-09-06,sh.601333,3.0800,3.0900,3.0300,3.0600,3.0900,37879800,115984779.0000,3,0.670200,1,-0.970900
379,2023-09-07,sh.601333,3.0600,3.0700,3.0000,3.0100,3.0600,40086500,121654259.0000,3,0.709200,1,-1.634000
380,2023-09-08,sh.601333,3.0100,3.0200,2.9600,2.9700,3.0100,39249901,116922968.9600,3,0.694400,1,-1.328900
381,2023-09-11,sh.601333,2.9800,3.0300,2.9500,3.0100,2.9700,71040020,212714489.0000,3,1.256800,1,1.346800
382,2023-09-12,sh.601333,3.0000,3.0400,2.9300,3.0000,3.0100,77464400,230995974.2200,3,1.370500,1,-0.332200
383,2023-09-13,sh.601333,3.0000,3.0100,2.9500,2.9800,3.0000,35889302,106846036.9600,3,0.635000,1,-0.666700
384,2023-09-14,sh.601333,2.9900,3.0500,2.9400,2.9600,2.9800,61665700,184746032.0000,3,1.091000,1,-0.671100
385,2023-09-15,sh.601333,2.9600,3.0500,2.9500,2.9500,2.9600,85223139,254484177.0500,3,1.507800,1,-0.337800
386,2023-09-18,sh.601333,2.9600,2.9800,2.9300,2.9700,2.9500,35089139,103825459.4400,3,0.620800,1,0.678000
387,2023-09-19,sh.601333,2.9600,3.0100,2.9500,2.9700,2.9700,40378553,120010313.4400,3,0.714400,1,0.000000
388,2023-09-20,sh.601333,2.9600,2.9700,2.9200,2.9400,2.9700,42707900,125610202.0000,3,0.755600,1,-1.010100
389,2023-09-21,sh.601333,2.9400,2.9800,2.9300,2.9600,2.9400,43249000,127998677.0000,3,0.765200,1,0.680300
390,2023-09-22,sh.601333,2.9500,3.0500,2.9500,3.0200,2.9600,72300510,216805394.8000,3,1.279100,1,2.027000
391,2023-09-25,sh.601333,3.0100,3.0200,2.8500,2.9200,3.0200,141913455,414278700.0000,3,2.510700,1,-3.311300
392,2023-09-26,sh.601333,2.9100,2.9400,2.8500,2.8600,2.9200,67639230,194948860.8200,3,1.196700,1,-2.054800
393,2023-09-27,sh.601333,2.8600,2.9400,2.8500,2.8800,2.8600,93812998,271820222.2000,3,1.659700,1,0.699300
394,2023-09-28,sh.601333,2.8900,2.9000,2.8500,2.8900,2.8800,44382498,127921384.8600,3,0.785200,1,0.347200
395,2023-10-09,sh.601333,2.8900,2.9000,2.8100,2.8400,2.8900,44457501,126727514.8500,3,0.786500,1,-1.730100
396,2023-10-10,sh.601333,2.8400,2.8600,2.7600,2.7700,2.8400,55052575,153659448.2500,3,0.974000,1,-2.464800
397,2023-10-11,sh.601333,2.7700,2.8200,2.7500,2.7600,2.7700,53581190,149090920.6200,3,0.948000,1,-0.361000
398,2023-10-12,sh.601333,2.7700,2.8100,2.7600,2.7900,2.7600,53078800,147775609.0000,3,0.939100,1,1.087000
399,2023-10-13,sh.601333,2.7700,2.7800,2.7000,2.7100,2.7900,55524870,151496312.0500,3,0.982400,1,-2.867400
400,2023-10-16,sh.601333,2.7200,2.7600,2.7000,2.7300,2.7100,40038600,109584048.0000,3,0.708400,1,0.738000
401,2023-10-17,sh.601333,2.7300,2.7500,2.7000,2.7300,2.7300,31589072,85999423.5600,3,0.558900,1,0.000000
402,2023-10-18,sh.601333,2.7200,2.7300,2.6900,2.7000,2.7300,41857308,113330375.6000,3,0.740500,1,-1.098900
403,2023-10-19,sh.601333,2.6900,2.7200,2.6600,2.6700,2.7000,39160261,105145901.2700,3,0.692800,1,-1.111100
404,2023-10-20,sh.601333,2.6600,2.6900,2.6400,2.6500,2.6700,46165800,122808163.0000,3,0.816800,1,-0.749100
405,2023-10-23,sh.601333,2.6500,2.6500,2.5700,2.6000,2.6500,60835792,158397139.2100,3,1.076300,1,-1.886800
406,2023-10-24,sh.601333,2.6100,2.6400,2.5900,2.6300,2.6000,44883409,117492832.6900,3,0.794100,1,1.153800
407,2023-10-25,sh.601333,2.6400,2.6800,2.6300,2.6500,2.6300,36470500,96996952.0000,3,0.645200,1,0.760500
408,2023-10-26,sh.601333,2.6500,2.6900,2.6300,2.6700,2.6500,46865410,124505378.5000,3,0.829100,1,0.754700
409,2023-10-27,sh.601333,2.6700,2.7400,2.6500,2.7200,2.6700,42523826,114893048.0400,3,0.752300,1,1.872700
410,2023-10-30,sh.601333,2.7200,2.7400,2.6600,2.6800,2.7200,57048941,153347534.8800,3,1.009300,1,-1.470600
411,2023-10-31,sh.601333,2.6800,2.6900,2.5400,2.5800,2.6800,82382260,213734632.4800,3,1.457500,1,-3.731300
412,2023-11-01,sh.601333,2.5800,2.6100,2.5400,2.5700,2.5800,66734752,171415749.2400,3,1.180700,1,-0.387600
413,2023-11-02,sh.601333,2.5700,2.6000,2.5600,2.5900,2.5700,48005307,124011581.1100,3,0.849300,1,0.778200
414,2023-11-03,sh.601333,2.6000,2.6200,2.5700,2.5900,2.5900,53424500,138483933.7800,3,0.945200,1,0.000000
415,2023-11-06,sh.601333,2.6000,2.6800,2.5900,2.6600,2.5900,81531588,215686282.3300,3,1.442500,1,2.702700
416,2023-11-07,sh.601333,2.6600,2.6600,2.5700,2.6100,2.6600,75184084,195881713.5400,3,1.330200,1,-1.879700
417,2023-11-08,sh.601333,2.6100,2.6200,2.5700,2.5800,2.6100,40653070,105282127.5000,3,0.719200,1,-1.149400
418,2023-11-09,sh.601333,2.5800,2.6000,2.5600,2.5800,2.5800,43962586,113290762.7800,3,0.777800,1,0.000000
419,2023-11-10,sh.601333,2.5800,2.5900,2.5300,2.5800,2.5800,51191592,131046229.4600,3,0.905700,1,0.000000
420,2023-11-13,sh.601333,2.5800,2.6000,2.5400,2.5800,2.5800,69706747,178748547.1000,3,1.233300,1,0.000000
421,2023-11-14,sh.601333,2.5700,2.6200,2.5500,2.5800,2.5800,70197622,180665748.4800,3,1.241900,1,0.000000
422,2023-11-15,sh.601333,2.5900,2.6300,2.5800,2.6200,2.5800,82464454,214877488.3700,3,1.459000,1,1.550400
423,2023-11-16,sh.601333,2.6200,2.6500,2.5800,2.5900,2.6200,58531830,152558969.7700,3,1.035600,1,-1.145000
424,2023-11-17,sh.601333,2.5900,2.5900,2.5600,2.5700,2.5900,37159029,95615485.9100,3,0.657400,1,-0.772200
425,2023-11-20,sh.601333,2.5700,2.6000,2.5600,2.6000,2.5700,46636794,120410185.5700,3,0.825100,1,1.167300
426,2023-11-21,sh.601333,2.6000,2.7300,2.6000,2.6900,2.6000,140916979,377557901.0700,3,2.493100,1,3.461500
427,2023-11-22,sh.601333,2.6800,2.7100,2.6500,2.6800,2.6900,82681247,221974909.9600,3,1.462800,1,-0.371700
428,2023-11-23,sh.601333,2.6800,2.7300,2.6700,2.7300,2.6800,60120600,162937413.0000,3,1.063700,1,1.865700
429,2023-11-24,sh.601333,2.7200,2.7400,2.7000,2.7100,2.7300,43495100,118104567.5300,3,0.769500,1,-0.732600
430,2023-11-27,sh.601333,2.7100,2.7100,2.6700,2.6900,2.7100,41761926,112164840.0600,3,0.738900,1,-0.738000
431,2023-11-28,sh.601333,2.6800,2.6900,2.6500,2.6700,2.6900,40652400,108509880.0000,3,0.719200,1,-0.743500
432,2023-11-29,sh.601333,2.6700,2.6800,2.6200,2.6300,2.6700,44986497,118874400.0800,3,0.795900,1,-1.498100
433,2023-11-30,sh.601333,2.6200,2.6500,2.6100,2.6400,2.6300,43212962,113699044.4400,3,0.764500,1,0.380200
434,2023-12-01,sh.601333,2.6300,2.7100,2.6300,2.6900,2.6400,58540105,156745543.3500,3,1.035700,1,1.893900
435,2023-12-04,sh.601333,2.6900,2.7400,2.6800,2.7200,2.6900,68052478,184861870.8400,3,1.204000,1,1.115200
436,2023-12-05,sh.601333,2.7200,2.7200,2.6700,2.6800,2.7200,50773320,137074556.5500,3,0.898300,1,-1.470600
437,2023-12-06,sh.601333,2.6600,2.7000,2.6400,2.6800,2.6800,52403722,140011804.3200,3,0.927100,1,0.000000
438,2023-12-07,sh.601333,2.6800,2.6900,2.6400,2.6500,2.6800,48576500,129154185.0000,3,0.859400,1,-1.119400
439,2023-12-08,sh.601333,2.6500,2.7000,2.6300,2.6600,2.6500,64087171,170810507.1500,3,1.133800,1,0.377400
440,2023-12-11,sh.601333,2.6500,2.6700,2.5700,2.6500,2.6600,64598613,169102810.6000,3,1.142900,1,-0.375900
441,2023-12-12,sh.601333,2.6500,2.6800,2.6300,2.6800,2.6500,45382699,120673030.3700,3,0.802900,1,1.132100
442,2023-12-13,sh.601333,2.6700,2.7100,2.6600,2.6600,2.6800,46321680,124347421.5000,3,0.819500,1,-0.746300
443,2023-12-14,sh.601333,2.6700,2.7100,2.6600,2.6900,2.6600,36628717,98613108.0600,3,0.648000,1,1.127800
444,2023-12-15,sh.601333,2.6900,2.7000,2.6400,2.6500,2.6900,43808779,116747473.2000,3,0.775100,1,-1.487000
445,2023-12-18,sh.601333,2.6400,2.6700,2.6100,2.6200,2.6500,30180699,79687169.3700,3,0.534000,1,-1.132100
446,2023-12-19,sh.601333,2.6200,2.6200,2.5500,2.5700,2.6200,42277752,109112397.6400,3,0.748000,1,-1.908400
447,2023-12-20,sh.601333,2.5700,2.6100,2.5500,2.5500,2.5700,45361037,117152149.6000,3,0.802500,1,-0.778200
448,2023-12-21,sh.601333,2.5500,2.5500,2.5000,2.5300,2.5500,52833229,133520759.3700,3,0.934700,1,-0.784300
449,2023-12-22,sh.601333,2.5300,2.5600,2.5000,2.5200,2.5300,48054820,121439231.7000,3,0.850200,1,-0.395300
450,2023-12-25,sh.601333,2.5200,2.5300,2.4700,2.5000,2.5200,45640655,113840008.4000,3,0.807500,1,-0.793700
451,2023-12-26,sh.601333,2.5000,2.5100,2.4700,2.4700,2.5000,25761800,64047395.0000,3,0.455800,1,-1.200000
452,2023-12-27,sh.601333,2.4700,2.5000,2.4500,2.5000,2.4700,36104101,89422849.4900,3,0.638800,1,1.214600
453,2023-12-28,sh.601333,2.4900,2.6300,2.4800,2.6000,2.5000,86608343,222264631.9800,3,1.532300,1,4.000000
454,2023-12-29,sh.601333,2.5900,2.6100,2.5700,2.5900,2.6000,45585744,118073866.5100,3,0.806500,1,-0.384600
455,2024-01-02,sh.601333,2.5900,2.7300,2.5900,2.7000,2.5900,116566748,313102501.9200,3,2.062300,1,4.247100
456,2024-01-03,sh.601333,2.6900,2.7900,2.6800,2.7600,2.7000,76147201,209250971.0600,3,1.347200,1,2.222200
457,2024-01-04,sh.601333,2.7600,2.7700,2.7000,2.7400,2.7600,46975307,128461492.3300,3,0.831100,1,-0.724600
458,2024-01-05,sh.601333,2.7400,2.7800,2.7000,2.7200,2.7400,42546100,116845980.0000,3,0.752700,1,-0.729900
459,2024-01-08,sh.601333,2.7200,2.7400,2.6500,2.6700,2.7200,56035038,150517958.4600,3,0.991400,1,-1.838200
460,2024-01-09,sh.601333,2.6700,2.7600,2.6500,2.7400,2.6700,66412140,180300182.6200,3,1.175000,1,2.621700
461,2024-01-10,sh.601333,2.7300,2.7800,2.7000,2.7600,2.7400,55594560,153038535.0000,3,0.983600,1,0.729900
462,2024-01-11,sh.601333,2.7500,2.8200,2.7300,2.8000,2.7600,62456228,173745925.6900,3,1.105000,1,1.449300
463,2024-01-12,sh.601333,2.8000,2.8600,2.7500,2.7700,2.8000,44341821,123969863.1500,3,0.784500,1,-1.071400
464,2024-01-15,sh.601333,2.7800,2.8300,2.7600,2.8300,2.7700,54890210,154192518.6100,3,0.971100,1,2.166100
465,2024-01-16,sh.601333,2.8200,2.8200,2.7500,2.7900,2.8300,54058897,150211058.8100,3,0.956400,1,-1.413400
466,2024-01-17,sh.601333,2.7900,2.8100,2.7400,2.7500,2.7900,37406022,104213054.8600,3,0.661800,1,-1.433700
467,2024-01-18,sh.601333,2.7300,2.7400,2.6500,2.7300,2.7500,53564079,144414891.6500,3,0.947700,1,-0.727300
468,2024-01-19,sh.601333,2.7200,2.7300,2.6800,2.6900,2.7300,28931199,78099429.3000,3,0.511900,1,-1.465200
469,2024-01-22,sh.601333,2.7000,2.7000,2.5300,2.5600,2.6900,51737200,135254197.0000,3,0.915300,1,-4.832700
470,2024-01-23,sh.601333,2.5500,2.5900,2.4900,2.5700,2.5600,46640854,118632792.7800,3,0.825200,1,0.390600
471,2024-01-24,sh.601333,2.5800,2.7100,2.5700,2.7000,2.5700,69299600,183207696.3100,3,1.226100,1,5.058400
472,2024-01-25,sh.601333,2.7100,2.9700,2.6900,2.9700,2.7000,130488099,374434976.5800,3,2.308600,1,10.000000
473,2024-01-26,sh.601333,3.0000,3.0600,2.8900,2.9200,2.9700,127556901,376077426.6400,3,2.256800,1,-1.683500
474,2024-01-29,sh.601333,2.9200,3.0000,2.9000,2.9100,2.9200,113530521,335184256.3300,3,2.008600,1,-0.342500
475,2024-01-30,sh.601333,2.9000,2.9700,2.8800,2.9000,2.9100,86410189,253326141.2600,3,1.528800,1,-0.343600
476,2024-01-31,sh.601333,2.8800,2.9400,2.8100,2.8300,2.9000,81585369,232905139.2900,3,1.443400,1,-2.413800
477,2024-02-01,sh.601333,2.8000,2.8700,2.7500,2.7700,2.8300,74288899,207749963.9300,3,1.314300,1,-2.120100
478,2024-02-02,sh.601333,2.7600,2.8000,2.6000,2.6700,2.7700,88486545,239333294.1200,3,1.565500,1,-3.610100
479,2024-02-05,sh.601333,2.6300,2.6500,2.4900,2.5400,2.6700,116384389,297429524.5100,3,2.059100,1,-4.868900
480,2024-02-06,sh.601333,2.5300,2.7100,2.5000,2.6500,2.5400,98275121,254659413.5700,3,1.738700,1,4.330700
481,2024-02-07,sh.601333,2.6100,2.7300,2.6000,2.7100,2.6500,132096257,354765541.3400,3,2.337100,1,2.264200
482,2024-02-08,sh.601333,2.7100,2.8100,2.6800,2.7200,2.7100,128252660,352636753.7300,3,2.269100,1,0.369000
483,2024-02-19,sh.601333,2.7400,2.7700,2.7100,2.7600,2.7200,115330233,315682366.5100,3,2.040400,1,1.470600
484,2024-02-20,sh.601333,2.7400,2.7500,2.6900,2.7200,2.7600,83876152,228081693.6600,3,1.483900,1,-1.449300
485,2024-02-21,sh.601333,2.7100,2.8200,2.7000,2.7700,2.7200,119475037,331895096.0000,3,2.113800,1,1.838200
486,2024-02-22,sh.601333,2.7600,2.8100,2.7400,2.8000,2.7700,93619484,259688946.2400,3,1.656300,1,1.083000
487,2024-02-23,sh.601333,2.8000,2.9100,2.7800,2.9000,2.8000,114922879,325999292.9000,3,2.033200,1,3.571400
488,2024-02-26,sh.601333,2.9200,2.9800,2.8400,2.9000,2.9000,110935331,322522676.4100,3,1.962700,1,0.000000
489,2024-02-27,sh.601333,2.8700,2.9100,2.8600,2.9100,2.9000,64199901,185358070.8700,3,1.135800,1,0.344800
490,2024-02-28,sh.601333,2.9000,2.9100,2.8200,2.8300,2.9100,87888301,252003913.8500,3,1.554900,1,-2.749100
491,2024-02-29,sh.601333,2.8200,2.9000,2.8100,2.9000,2.8300,72295927,206422282.7500,3,1.279100,1,2.473500
492,2024-03-01,sh.601333,2.8900,2.9200,2.8300,2.9000,2.9000,68338055,196578476.7500,3,1.209000,1,0.000000
493,2024-03-04,sh.601333,2.8900,2.9100,2.8600,2.9000,2.9000,50658501,146370066.8700,3,0.896300,1,0.000000
494,2024-03-05,sh.601333,2.8900,2.9200,2.8600,2.8900,2.9000,52486479,151754268.5400,3,0.928600,1,-0.344800
495,2024-03-06,sh.601333,2.8800,2.9700,2.8700,2.9100,2.8900,53062863,155042869.1700,3,0.938800,1,0.692000
496,2024-03-07,sh.601333,2.9000,2.9800,2.9000,2.9100,2.9100,60312682,177184840.0800,3,1.067100,1,0.000000
497,2024-03-08,sh.601333,2.9000,2.9600,2.8900,2.9300,2.9100,48623878,142116337.2300,3,0.860300,1,0.687300
498,2024-03-11,sh.601333,2.9300,2.9600,2.9100,2.9500,2.9300,55906862,164111338.7700,3,0.989100,1,0.682600
499,2024-03-12,sh.601333,2.9600,2.9700,2.8600,2.9100,2.9500,73027200,211738444.0000,3,1.292000,1,-1.355900
500,2024-03-13,sh.601333,2.9000,2.9100,2.8400,2.8500,2.9100,63793782,182284698.5200,3,1.128600,1,-2.061900
501,2024-03-14,sh.601333,2.8500,2.8800,2.8200,2.8600,2.8500,43838058,125056154.2800,3,0.775600,1,0.350900
502,2024-03-15,sh.601333,2.8400,2.8700,2.8300,2.8600,2.8600,30356820,86489769.2000,3,0.537100,1,0.000000
503,2024-03-18,sh.601333,2.8600,2.9900,2.8600,2.9400,2.8600,92556538,271552845.8000,3,1.637500,1,2.797200
504,2024-03-19,sh.601333,2.9300,2.9300,2.8700,2.8800,2.9400,69264564,200128975.3400,3,1.225400,1,-2.040800
505,2024-03-20,sh.601333,2.8900,2.9400,2.8600,2.9300,2.8800,46931508,136184674.9400,3,0.830300,1,1.736100
506,2024-03-21,sh.601333,2.9300,2.9800,2.9100,2.9700,2.9300,62711095,184945493.9300,3,1.109500,1,1.365200
507,2024-03-22,sh.601333,2.9700,3.0400,2.9500,3.0200,2.9700,88343935,264992031.4400,3,1.563000,1,1.683500
508,2024-03-25,sh.601333,3.0000,3.0400,2.9600,2.9600,3.0200,69259801,207584079.9900,3,1.225400,1,-1.986800
509,2024-03-26,sh.601333,2.9600,3.0200,2.9500,3.0200,2.9600,54918498,164405827.8600,3,0.971600,1,2.027000
510,2024-03-27,sh.601333,3.0000,3.0100,2.9500,2.9600,3.0200,53603696,159844831.2800,3,0.948400,1,-1.986800
511,2024-03-28,sh.601333,2.9600,3.0200,2.9300,2.9900,2.9600,40101951,119367094.0000,3,0.709500,1,1.013500
512,2024-03-29,sh.601333,2.9900,3.0000,2.9300,2.9600,2.9900,42120350,124420228.0000,3,0.745200,1,-1.003300
513,2024-04-01,sh.601333,2.9600,3.0000,2.9500,2.9800,2.9600,39337979,117231217.4200,3,0.696000,1,0.675700
514,2024-04-02,sh.601333,2.9800,3.0600,2.9800,3.0500,2.9800,64139985,193404589.5600,3,1.134800,1,2.349000
515,2024-04-03,sh.601333,3.0500,3.1900,3.0500,3.1700,3.0500,122607845,383369679.0100,3,2.169200,1,3.934400
516,2024-04-08,sh.601333,3.1800,3.3100,3.1600,3.2100,3.1700,115565522,373668181.5500,3,2.044600,1,1.261800
517,2024-04-09,sh.601333,3.2000,3.3000,3.1700,3.2700,3.2100,70172149,228140932.7900,3,1.241500,1,1.869200
